1	2	21-11-2015	20.00
       
0000000001	26112015	0000200.20	0604133546          
0000000001	26112015	0000200.20	0604133546          
0000000001	26112015	0000200.20	0604133546          
0000000001	26112015	0000200.20	0604133546          
0000000001	26112015	0000200.20	0604133546          
0000000001	26112015	0000200.20	0604133546          
0000000001	26112015	0000200.20	0604133546          
0000000001	26112015	0000200.20	0604133546          
0000000001	26112015	0000200.20	0604133546          
0000000002	26112015	0000200.20	0604133546          
